# 20
-4.467396438121795654e-01
-7.447502017021179199e-01
2.718604207038879395e-01
-8.420805931091308594e-01
4.318321943283081055e-01
-4.420468211174011230e-01
-4.345758557319641113e-01
5.578464269638061523e-01
-3.731942176818847656e-01
4.446540474891662598e-01
1.838909536600112915e-01
6.664493680000305176e-01
-7.567116022109985352e-01
7.168688178062438965e-01
-7.619514465332031250e-01
-6.920968294143676758e-01
5.909501314163208008e-01
5.756625533103942871e-01
6.535571813583374023e-01
-1.983045339584350586e-01
