# 60
3.742034137248992920e-01
-2.967801094055175781e-01
-4.866718649864196777e-01
-1.057278588414192200e-01
-3.277200758457183838e-01
-6.816232800483703613e-01
5.023027062416076660e-01
-7.383264899253845215e-01
3.080357313156127930e-01
3.734820187091827393e-01
5.814403295516967773e-01
1.304962337017059326e-01
7.027997374534606934e-01
-2.108603715896606445e-01
3.331606388092041016e-01
2.927083373069763184e-01
5.703781247138977051e-01
-2.308813035488128662e-01
-1.327023655176162720e-01
-1.147385910153388977e-01
-2.902208566665649414e-01
8.608658611774444580e-02
-2.081234008073806763e-02
6.748712658882141113e-01
-2.321933954954147339e-01
-2.657484114170074463e-01
-2.360447347164154053e-01
3.059645295143127441e-01
2.675926089286804199e-01
1.440150886774063110e-01
-2.145699411630630493e-01
5.616253614425659180e-01
3.141242861747741699e-01
3.789807260036468506e-01
-2.081246823072433472e-01
2.216919362545013428e-01
-1.283874064683914185e-01
-2.312400639057159424e-01
-3.016679584980010986e-01
-5.951502323150634766e-01
4.200363159179687500e-01
-5.043277740478515625e-01
-2.514766901731491089e-02
-8.977701514959335327e-02
5.872293114662170410e-01
-2.454187124967575073e-01
-5.622940659523010254e-01
2.816707491874694824e-01
-6.872463822364807129e-01
-3.101317584514617920e-01
2.979966998100280762e-01
-3.318159878253936768e-01
5.411987304687500000e-01
-8.527044951915740967e-02
2.593861818313598633e-01
1.939870268106460571e-01
-1.932027488946914673e-01
-5.920541286468505859e-01
5.041053891181945801e-01
3.920393586158752441e-01
