# 20
-7.565416097640991211e-01
-4.121435582637786865e-01
1.135030612349510193e-01
7.905305176973342896e-02
1.034181594848632812e+00
-5.068970918655395508e-01
-6.356132775545120239e-02
4.065080285072326660e-01
-1.675481647253036499e-01
-3.519285023212432861e-01
3.019140660762786865e-01
-3.917942345142364502e-01
-2.598365247249603271e-01
-1.287938952445983887e-01
-3.890672326087951660e-01
-2.714264392852783203e-01
2.005252838134765625e-01
-3.424329757690429688e-01
-8.628091812133789062e-01
1.242939941585063934e-02
