# 20 1
3.246000781655311584e-02
1.526751834899187088e-02
-9.810065850615501404e-03
-1.803653687238693237e-02
-3.055316768586635590e-02
-1.172637660056352615e-02
8.157029747962951660e-03
-1.510363817214965820e-02
8.453811518847942352e-03
4.499122872948646545e-02
-9.496098384261131287e-03
2.979172393679618835e-02
5.926703568547964096e-03
2.320141717791557312e-02
1.074661966413259506e-02
7.804835680872201920e-03
-1.007519010454416275e-02
1.350798923522233963e-02
2.595707401633262634e-02
-2.116815932095050812e-02
