# 84
-2.258202314376831055e+00
-2.355819940567016602e+00
-3.208339929580688477e+00
-2.255344629287719727e+00
-3.348085641860961914e+00
-2.667849063873291016e+00
-2.660957813262939453e+00
-2.583742856979370117e+00
-1.515667200088500977e+00
-6.792404651641845703e+00
-4.177220821380615234e+00
-2.980039358139038086e+00
-1.882040143013000488e+00
-2.155385732650756836e+00
-1.691233873367309570e+00
-4.261526584625244141e+00
-2.252815485000610352e+00
-9.683589935302734375e-01
-2.352195739746093750e+00
-3.350410163402557373e-01
-2.290944576263427734e+00
-2.340908288955688477e+00
-2.881798744201660156e+00
-1.363850831985473633e+00
-3.522398948669433594e+00
-2.299078226089477539e+00
-5.467725753784179688e+00
-2.255384206771850586e+00
-1.883909106254577637e+00
-2.437644243240356445e+00
-4.032147407531738281e+00
-5.620936870574951172e+00
-2.447350740432739258e+00
-1.247911214828491211e+00
-2.440115213394165039e+00
-2.315365076065063477e+00
-2.417803049087524414e+00
-2.963569164276123047e+00
-1.751193046569824219e+00
-2.989410161972045898e+00
-1.900953173637390137e+00
-3.059707403182983398e+00
-2.177132844924926758e+00
-4.691284656524658203e+00
-5.708532810211181641e+00
-5.062752246856689453e+00
-2.178169250488281250e+00
-2.542641162872314453e+00
-2.322522640228271484e+00
-2.345512390136718750e+00
-2.692906618118286133e+00
-2.627216100692749023e+00
-2.252763271331787109e+00
-2.131493330001831055e+00
-2.522002696990966797e+00
-3.629534721374511719e+00
-5.937036037445068359e+00
-2.577482700347900391e+00
-2.295544147491455078e+00
-2.414253711700439453e+00
-3.008203744888305664e+00
-2.414814233779907227e+00
-2.571066141128540039e+00
-2.748347997665405273e+00
-2.319266796112060547e+00
-5.394070625305175781e+00
-4.122641563415527344e+00
-2.594471931457519531e+00
-3.643413543701171875e+00
-1.329651355743408203e+00
-2.499605178833007812e+00
-2.844369649887084961e+00
-2.618371009826660156e+00
-3.432815313339233398e+00
-3.032829284667968750e+00
-2.372006416320800781e+00
-1.246603488922119141e+00
-4.474230289459228516e+00
-2.308400869369506836e+00
-2.207575559616088867e+00
-2.362768888473510742e+00
-4.270121455192565918e-01
-2.326233148574829102e+00
-4.006613731384277344e+00
