# 84
1.741977810859680176e+00
9.055501818656921387e-01
4.389551877975463867e-01
-4.815692603588104248e-01
2.125849962234497070e+00
1.085637450218200684e+00
2.483758211135864258e+00
1.742761731147766113e+00
1.871292710304260254e+00
1.518734693527221680e+00
1.305006980895996094e+00
2.456151962280273438e+00
2.239390134811401367e+00
1.119447231292724609e+00
-2.891010046005249023e+00
2.405225485563278198e-01
9.555522799491882324e-01
3.055959939956665039e+00
3.126737356185913086e+00
-8.909692615270614624e-02
2.007722377777099609e+00
1.134552359580993652e+00
2.341050386428833008e+00
1.199951767921447754e+00
1.272843837738037109e+00
-5.888357758522033691e-01
1.042339563369750977e+00
1.031762242317199707e+00
4.618506908416748047e+00
1.786881804466247559e+00
2.785135746002197266e+00
9.568039774894714355e-01
1.262041330337524414e+00
3.253749370574951172e+00
7.547698020935058594e-01
5.165214538574218750e-01
8.489280939102172852e-01
7.381022453308105469e+00
1.909214615821838379e+00
1.817294508218765259e-01
5.276882648468017578e+00
1.984938979148864746e+00
9.882395267486572266e-01
6.094873905181884766e+00
1.697739720344543457e+00
1.268659877777099609e+01
2.203831672668457031e+00
1.501887321472167969e+00
2.151721239089965820e+00
7.466190338134765625e+00
5.109731554985046387e-01
1.477228999137878418e+00
8.459129333496093750e-01
6.946355700492858887e-01
8.842584490776062012e-01
1.204095244407653809e+00
1.484668254852294922e+00
1.354883790016174316e+00
2.143436908721923828e+00
1.501062750816345215e+00
-1.677682101726531982e-01
-2.946233034133911133e+00
-2.715730190277099609e+00
9.214676022529602051e-01
9.317404031753540039e-01
1.133233428001403809e+00
-5.479615330696105957e-01
-3.356883227825164795e-01
1.400786995887756348e+00
1.366669058799743652e+00
1.038986518979072571e-01
1.437531828880310059e+00
1.302922248840332031e+00
8.535373806953430176e-01
7.182397246360778809e-01
2.759921252727508545e-01
7.325515270233154297e+00
7.771216630935668945e-01
8.407621979713439941e-01
-1.033229008316993713e-01
1.201183676719665527e+00
1.415768623352050781e+00
3.728893771767616272e-02
4.047853946685791016e+00
