# 84 1
1.184155931696295738e-03
-4.663585685193538666e-03
2.878559567034244537e-02
6.726710591465234756e-03
-9.088624268770217896e-03
-7.387833204120397568e-03
-3.391109406948089600e-03
3.188779205083847046e-02
-5.125882569700479507e-03
-6.501428782939910889e-03
-1.236252952367067337e-02
3.572053276002407074e-03
1.036389032378792763e-03
1.723113842308521271e-02
1.010308507829904556e-02
1.491634547710418701e-02
-7.640851661562919617e-03
-4.344715271145105362e-03
-3.942971583455801010e-03
-1.029047183692455292e-02
-2.580802142620086670e-02
-7.156734354794025421e-03
-4.515563603490591049e-03
1.031056977808475494e-02
4.687388893216848373e-03
1.258389651775360107e-02
1.851939363405108452e-03
-1.318759657442569733e-02
-2.488648053258657455e-03
-2.943864092230796814e-02
-8.644035551697015762e-04
4.347486887127161026e-03
-2.025664038956165314e-02
2.788961865007877350e-03
4.226098768413066864e-03
4.999413155019283295e-03
1.654480816796422005e-03
-3.393284510821104050e-03
3.440429689362645149e-03
-1.036154851317405701e-02
-2.612055977806448936e-03
-2.250294433906674385e-03
-1.605888269841670990e-02
1.414545695297420025e-03
-4.830872174352407455e-03
-3.009845502674579620e-03
1.029663067311048508e-02
3.368660341948270798e-03
-3.670804901048541069e-03
-3.119379747658967972e-03
4.410128574818372726e-03
-5.158981774002313614e-03
1.852869638241827488e-03
-8.923815563321113586e-03
-1.169372443109750748e-02
2.779310569167137146e-03
2.150906249880790710e-03
4.095468204468488693e-03
-2.698962343856692314e-03
-9.842059575021266937e-03
2.015832625329494476e-02
1.122790621593594551e-03
3.039704263210296631e-02
4.608415532857179642e-03
4.630996845662593842e-03
2.485409379005432129e-03
1.657548546791076660e-02
1.496108900755643845e-02
-1.727336645126342773e-02
2.349400147795677185e-02
2.667931606993079185e-03
1.207725144922733307e-02
-6.890776101499795914e-03
-3.250287100672721863e-02
-2.341285720467567444e-02
2.260923618450760841e-03
-3.396271495148539543e-03
-1.009632553905248642e-02
-2.197947166860103607e-02
9.795165620744228363e-03
2.951399236917495728e-02
-7.075029890984296799e-03
-1.220596395432949066e-02
3.265902865678071976e-03
