# 60
-4.868868738412857056e-03
-5.000811219215393066e-01
-5.000876784324645996e-01
-4.160135239362716675e-02
-1.195163838565349579e-02
-5.049169063568115234e-01
-2.323756217956542969e-01
-5.002226233482360840e-01
-6.673381477594375610e-02
-5.002199411392211914e-01
-3.779296949505805969e-02
-1.387945283204317093e-02
-9.763374924659729004e-02
-1.680034585297107697e-02
-1.300453990697860718e-01
-5.000666379928588867e-01
-1.883457042276859283e-02
-5.001146793365478516e-01
3.630926311016082764e-01
-1.137453243136405945e-01
-5.007793903350830078e-01
-4.999423921108245850e-01
-5.002460479736328125e-01
-4.998191595077514648e-01
-2.876646518707275391e-01
-5.001177191734313965e-01
-4.524401947855949402e-02
-7.675773650407791138e-02
-2.589270770549774170e-01
-1.600397080183029175e-01
-1.049486622214317322e-01
-5.002938508987426758e-01
-5.020118355751037598e-01
-5.000264644622802734e-01
-3.291396051645278931e-02
2.818351611495018005e-02
-4.905875027179718018e-02
-1.634288877248764038e-01
-4.998030662536621094e-01
-4.939921200275421143e-01
-5.004241466522216797e-01
-1.114570572972297668e-01
-2.577637434005737305e-01
-4.989306628704071045e-01
-5.002576112747192383e-01
-5.006144642829895020e-01
-6.609007716178894043e-01
-5.203109979629516602e-02
8.640124648809432983e-02
-7.761563360691070557e-02
-5.003988742828369141e-01
-4.999912977218627930e-01
4.642715677618980408e-02
-3.762300908565521240e-01
-8.120292425155639648e-02
-5.004965662956237793e-01
-4.970746934413909912e-01
-5.853293836116790771e-02
6.093656993471086025e-04
-4.998627901077270508e-01
