# 60 1
7.955736480653285980e-03
2.796172164380550385e-03
2.231671707704663277e-03
6.330488249659538269e-03
3.351458813995122910e-03
4.905321169644594193e-03
8.936356753110885620e-03
3.193743759766221046e-03
-1.224041188834235072e-04
4.683784674853086472e-03
5.281555786496028304e-05
7.324235048145055771e-03
5.856017814949154854e-04
3.856367897242307663e-03
2.906803973019123077e-03
4.144140053540468216e-03
6.254267413169145584e-03
2.479750663042068481e-03
-4.775971639901399612e-03
3.357059322297573090e-03
4.178420174866914749e-03
1.988809555768966675e-03
3.792490344494581223e-03
3.849106142297387123e-03
1.027923822402954102e-02
2.675035735592246056e-03
1.765359775163233280e-03
1.232734788209199905e-02
7.770744618028402328e-03
1.172604784369468689e-02
8.228762075304985046e-03
4.290373064577579498e-03
4.665183834731578827e-03
2.437396673485636711e-03
7.498173043131828308e-03
2.137164818122982979e-03
1.158662140369415283e-02
8.067436865530908108e-04
3.044637618586421013e-03
4.746750928461551666e-03
3.688203403726220131e-03
9.478355641476809978e-04
2.351939445361495018e-03
4.132528789341449738e-03
3.838318865746259689e-03
3.944508265703916550e-03
3.158644307404756546e-03
2.266308729304000735e-05
1.426065107807517052e-03
1.047233963618054986e-04
4.201985895633697510e-03
2.498730784282088280e-03
3.093919949606060982e-03
3.902006894350051880e-03
8.560603484511375427e-03
4.361706320196390152e-03
4.748784005641937256e-03
6.669282447546720505e-05
1.582366880029439926e-03
4.001350142061710358e-03
