# 60
-6.318136453628540039e-01
-5.003200173377990723e-01
-5.015001893043518066e-01
-7.099431753158569336e-02
-2.223932594060897827e-01
-5.003058314323425293e-01
-2.749287784099578857e-01
-5.017235279083251953e-01
-5.012178421020507812e-01
1.975796073675155640e-01
-5.007548928260803223e-01
-8.855735510587692261e-02
-6.868812441825866699e-01
-5.005739927291870117e-01
-4.372060894966125488e-01
-8.005494475364685059e-01
-5.214532613754272461e-01
-5.051759481430053711e-01
-5.053896903991699219e-01
-5.002501010894775391e-01
-5.005939006805419922e-01
-5.083355307579040527e-01
-5.012218952178955078e-01
-3.099002540111541748e-01
-5.023013949394226074e-01
-5.043507814407348633e-01
-1.078692153096199036e-01
-7.792995870113372803e-02
-5.027893781661987305e-01
9.022980928421020508e-01
-5.005562305450439453e-01
-1.484448928385972977e-02
-2.028994709253311157e-01
-1.949015557765960693e-01
-5.003588795661926270e-01
-4.058002233505249023e-01
-5.502378344535827637e-01
-8.805189281702041626e-02
-5.013623833656311035e-01
-5.014955997467041016e-01
-5.054181218147277832e-01
-9.952107071876525879e-02
-4.173870384693145752e-02
-5.002926588058471680e-01
-5.004860162734985352e-01
-5.016676187515258789e-01
-3.433103561401367188e-01
-3.571442887187004089e-02
-5.043429732322692871e-01
-5.009672641754150391e-01
-5.068550705909729004e-01
-1.943310499191284180e-01
-5.071206688880920410e-01
-5.009754300117492676e-01
-7.495278865098953247e-02
-5.004682540893554688e-01
-5.064689517021179199e-01
-5.355954170227050781e-01
-5.002101659774780273e-01
-5.034014582633972168e-01
