# 60
1.111625805497169495e-01
-6.986111402511596680e-01
1.116281270980834961e+00
7.941545546054840088e-02
-7.248139381408691406e-01
1.495538055896759033e-01
1.687805503606796265e-01
-7.332451343536376953e-01
-9.290726780891418457e-01
-9.420846104621887207e-01
3.060577511787414551e-01
-4.286268949508666992e-01
-1.017790555953979492e+00
-8.752174377441406250e-01
5.694474652409553528e-02
3.047686517238616943e-01
-8.561214804649353027e-01
5.636605024337768555e-01
8.033108115196228027e-01
-9.534029960632324219e-01
-9.571955800056457520e-01
-7.589421868324279785e-01
6.226613521575927734e-01
-8.823221325874328613e-01
2.417294122278690338e-02
-6.095332503318786621e-01
7.652165740728378296e-02
-7.386590242385864258e-01
-8.809126019477844238e-01
2.272836863994598389e-01
1.430980861186981201e-01
5.228884220123291016e-01
1.575217247009277344e-01
-9.730005264282226562e-01
1.800063848495483398e-01
8.682568371295928955e-02
-5.060333609580993652e-01
4.355445504188537598e-01
-9.722169637680053711e-01
-1.006530642509460449e+00
-1.980036497116088867e-01
-3.652400672435760498e-01
-1.055619344115257263e-01
1.240708455443382263e-01
-2.234217971563339233e-01
9.554364532232284546e-02
-7.474020719528198242e-01
-9.857197403907775879e-01
-5.196442604064941406e-01
1.003365367650985718e-01
-9.668930172920227051e-01
-5.684499144554138184e-01
-4.901764392852783203e-01
-7.075946927070617676e-01
-9.814644455909729004e-01
1.085385531187057495e-01
1.910582929849624634e-01
1.380017399787902832e+00
1.237652376294136047e-01
-2.032589539885520935e-02
