# 60 1
1.712783984839916229e-02
2.637634519487619400e-03
3.724974580109119415e-03
4.558816726785153151e-04
7.726813200861215591e-03
1.956381369382143021e-03
8.470745757222175598e-03
3.853055648505687714e-03
3.484533168375492096e-03
-1.576271024532616138e-03
3.008021041750907898e-03
1.832271926105022430e-03
1.710851490497589111e-02
2.779952250421047211e-03
1.264907699078321457e-02
1.294762734323740005e-02
9.209648706018924713e-03
4.146158229559659958e-03
4.348869435489177704e-03
1.964712049812078476e-03
3.073419211432337761e-03
4.656827077269554138e-03
3.461945801973342896e-03
1.225013844668865204e-02
3.784910077229142189e-03
4.374356009066104889e-03
1.711330958642065525e-03
1.276892144232988358e-03
4.083035979419946671e-03
-7.695113308727741241e-03
2.464363351464271545e-03
-4.270000790711492300e-04
7.111554965376853943e-03
8.928483352065086365e-03
2.127563115209341049e-03
1.239428948611021042e-02
1.334698777645826340e-02
1.362089067697525024e-03
3.974704071879386902e-03
3.718145424500107765e-03
4.183949902653694153e-03
1.006301492452621460e-03
2.994288224726915359e-03
1.993480836972594261e-03
2.334851305931806564e-03
3.832879476249217987e-03
1.051019504666328430e-02
2.017284510657191277e-03
4.429179709404706955e-03
3.205863758921623230e-03
4.583758767694234848e-03
6.011096294969320297e-03
4.820239730179309845e-03
3.071058541536331177e-03
1.767131965607404709e-03
2.497718669474124908e-03
4.665500950068235397e-03
1.350785978138446808e-02
2.162223914638161659e-03
4.428152926266193390e-03
